%% System Base Power, Slack Bus (bus and voltage angle value) and Measurement Data Units (power flow, power injection, voltage angle)

 baseMVA = 100;
 slack   = [1 0];
 unit    = {'mega', 'mega', 'deg'};
 
%% Bus Data; Shunt Element Data
 
 %         1           3        4           5        6 
 %       |bus|       |Vo|     |To|        |rsh|    |xsh|    
 Bus = [   1       1.05000  0.00000     0.00000  0.00000;  %1
           2       1.00000  0.00000     0.00000  0.00000;  %2
           3       1.00000  0.00000     0.00000  0.00000;  %3
           4       1.00000  0.00000     0.00000  0.00000;  %4
           5       1.02000  0.00000     0.00000  0.00000]; %5
 
%% Transmission Line Data

 %           1       2         3          4          5
 %        |from|   |to|      |rij|      |xij|      |bsi|
 Line = [    1       2      0.02000    0.10000    0.03000;  %1
             1       5      0.05000    0.25000    0.02000;  %2
             2       3      0.04000    0.20000    0.02500;  %3
             2       5      0.05000    0.25000    0.02000;  %4   
             3       4      0.05000    0.25000    0.02000;  %5
             3       5      0.08000    0.40000    0.01000;  %6
             4       5      0.10000    0.50000    0.07500]; %7
 
%% Power Flow Measurement Data

 %           1       2         3       4             5      6             7
 %        |from|   |to|      |Pij|  |on/off|       |Qij| |on/off|       |std|
 Flow = [    1       2       102.30690  1          71.21840  1         1.0000;  %1
             1       5        25.37590  1          18.46700  1         1.0000;  %2
             2       3        18.33250  1           9.75130  1         1.0000;  %3
             2       5       -14.93180  1          -8.97380  1         1.0000;  %4
             3       4         1.35560  1           9.55940  1         1.0000;  %5     
             3       5       -18.23090  1         -10.36050  1         1.0000;  %6
             4       5       -14.71900  1         -18.91460  1         1.0000;  %7
             2       1       -99.40070  1         -62.77750  1         1.0000;  %8
             3       2       -18.12480  1         -13.19880  1         1.0000]; %9
       
%% Power Injection Measurement Data

 %               1         2       3             4      5             6     
 %             |bus|     |Pi|   |on/off|       |Qi|  |on/off|       |std|
 Injection = [   1       127.68290  1          89.68540  1         1.0000;  %1
                 2       -96.00000  1         -62.00000  1         1.0000;  %2  
                 3       -35.00000  1         -14.00000  1         1.0000;  %3  
                 4       -16.00000  1         -31.45460  1         1.0000;  %4  
                 5        24.00000  1           4.00000  1         1.0000]; %5
        
%% Line Current Magnitude Measurement Data

 %              1       2         3     4            5
 %           |from|   |to|      |Iij||on/off|      |std|
 Current = [    1       2       1.01060  1        1.0000;  %1
                1       5       2.25540  0        1.0000;  %2
                2       3       0.17630  0        1.0000;  %3
                2       5       0.14960  0        1.0000;  %4
                3       4       2.00800  0        1.0000;  %5     
                3       5      -2.18300  0        1.0000;  %6
                4       5      -2.15210  0        1.0000;  %7
                2       1       1.08660  0        1.0000;  %8
                3       2      -2.17500  0        1.0000]; %9
        
%% Voltage Magnitude Measurement Data

 %               1          2     3            4                      
 %             |bus|      |Vi| |on/off|      |std|     
 Magnitude = [   1        1.05000  1        0.0100;  %1 
                 2        0.96310  1        0.0100;  %2
                 3        0.93100  1        0.0100;  %3
                 4        0.90000  1        0.0100;  %4
                 5        0.99000  1        0.0100]; %5 

%% Voltage Angle Measurement Data
       
 %           1          2     3            4                      
 %         |bus|      |Ti| |on/off|      |std|       
 Angle = [   1        0.0001  1         0.0100;  %1 
             2       -4.9580  1         0.0100;  %2
             3       -6.9926  1         0.0100;  %3
             4       -6.8283  1         0.0100;  %4
             5       -2.9283  1         0.0100]; %5 

%% Stopping Condition for Iterative Process

 stop = 10^(-6);