%% System Base Power; Slack Bus (bus and voltage angle value); Stopping Condition for Iterative Process

 system.baseMVA = 100;
 system.slack   = [1 0];
 system.stop    = 10^(-6);
 
%% Bus Data; Shunt Element Data
 
 %                1           3        4           5        6 
 %              |bus|       |Vo|     |To|        |rsh|    |xsh|    
 system.bus = [   1       1.05000  0.00000     0.00000  0.00000;  %1
                  2       1.00000  0.00000     0.00000  0.00000;  %2
                  3       1.00000  0.00000     0.00000  0.00000;  %3
                  4       1.00000  0.00000     0.00000  0.00000;  %4
                  5       1.02000  0.00000     0.00000  0.00000]; %5
 
%% Transmission Line Data

 %                  1       2         3          4          5
 %               |from|   |to|      |rij|      |xij|      |bsi|
 system.line = [    1       2      0.02000    0.10000    0.03000;  %1
                    1       5      0.05000    0.25000    0.02000;  %2
                    2       3      0.04000    0.20000    0.02500;  %3
                    2       5      0.05000    0.25000    0.02000;  %4   
                    3       4      0.05000    0.25000    0.02000;  %5
                    3       5      0.08000    0.40000    0.01000;  %6
                    4       5      0.10000    0.50000    0.07500]; %7
 
%% Power Flow Measurement Data

 %                  1       2         3      4        5      6         7
 %               |from|   |to|      |Pij| |on/off|  |Qij| |on/off|   |std|
 analog.flow = [    1       2       1.0608   0      0.4582   0      0.1000;  %1 
                    1       5       0.1656   1     -0.0621   0      0.1000;  %2
                    2       3       0.0226   1      0.1552   0      0.1000;  %3
                    2       5      -0.1962   1     -0.1362   0      0.1000;  %4
                    3       4       0.0411   0     -0.0871   1      0.1000;  %5
                    3       5      -0.1681   1     -0.1321   1      0.1000;  %6
                    4       5      -0.0873   1      0.0357   0      0.1000;  %7
                    2       1      -0.9023   1     -0.4536   1      0.1000;  %8
                    5       1      -0.3171   1     -0.0361   1      0.1000;  %9
                    3       2      -0.0279   1      0.0710   1      0.1000;  %10
                    5       2       0.2350   0      0.2437   1      0.1000;  %11
                    4       3       0.1656   1      0.0235   1      0.1000;  %12
                    5       3       0.0842   1     -0.0870   1      0.1000;  %13
                    5       4       0.0913   1      0.0692   0      0.1000]; %14
                
%% Power Injection Measurement Data

 %                      1       2     3        4     5         6
 %                    |bus|   |Pi| |on/off|  |Qi| |on/off|   |std| 
 analog.injection = [   1     1.2235  0      0.4531  1      0.1000;  %1
                        2    -0.8835  0     -0.5769  0      0.1000;  %2
                        3    -0.3522  1     -0.1366  0      0.1000;  %3
                        4    -0.0902  0     -0.0134  0      0.1000;  %4
                        5     0.1787  1     -0.1776  1      0.1000]; %5
        
%% Line Current Magnitude Measurement Data

 %                     1       2         3      4         7
 %                  |from|   |to|     |Imij| |on/off|   |std|
 analog.current = [    1       2       0.9939   1      0.1000;  %1
                       1       5       0.2887   0      0.1000;  %2
                       2       3       0.1462   1      0.1000;  %3
                       2       5       0.0843   1      0.1000;  %4
                       3       4       0.1007   1      0.1000;  %5
                       3       5       0.2830   1      0.1000;  %6
                       4       5       0.2811   0      0.1000;  %7
                       2       1       1.2850   0      0.1000;  %8
                       5       1       0.2807   1      0.1000;  %9
                       3       2       0.1316   0      0.1000;  %10
                       5       2       0.2990   1      0.1000;  %11
                       4       3       0.0124   1      0.1000;  %12
                       5       3       0.1285   1      0.1000;  %13
                       5       4       0.2115   1      0.1000]; %14
        
%% Voltage Magnitude Measurement Data

 %                    1       2      3         4
 %                  |bus|   |Vmi| |on/off|   |std|     
 analog.voltage = [   1     1.1399   1      0.1000;  %1
                      2     1.1626   1      0.1000;  %2
                      3     1.0110   0      0.1000;  %3
                      4     1.0153   0      0.1000;  %4
                      5     0.8325   1      0.1000]; %5

%% Voltage Phasor Measurement Data

 %                 1        2      3      4         5
 %               |bus|    |Vmi|  |Vai| |on/off|   |std|       
 pmu.voltage = [   1     1.0500 -0.0000   0       10^-5;  %1
                   2     0.9827 -0.0875   0       10^-5;  %2
                   3     0.9777 -0.1245   0       10^-5;  %3
                   4     0.9876 -0.1287   0       10^-5;  %4
                   5     1.0200 -0.0559   0       10^-5]; %5

%% Current Phasor Measurement Data

 %                  1       2         3       4       5         6
 %               |from|   |to|      |Imij|  |Iaij| |on/off|   |std|
 pmu.current = [    1       2       1.0786 -0.4687    1       10^-5;  %1
                    1       5       0.2499 -0.2288    0       10^-5;  %2
                    2       3       0.1822  0.0904    0       10^-5;  %3
                    2       5       0.2046  2.3231    0       10^-5;  %4
                    3       4       0.0615  1.3132    1       10^-5;  %5
                    3       5       0.2007  2.6494    1       10^-5;  %6
                    4       5       0.1851  2.4251    0       10^-5;  %7
                    2       1       1.1052  2.6227    0       10^-5;  %8
                    5       1       0.2613  2.7570    0       10^-5;  %9
                    3       2       0.1792  2.9605    0       10^-5;  %10
                    5       2       0.1798 -0.6543    0       10^-5;  %11
                    4       3       0.0231 -2.0530    0       10^-5;  %12
                    5       3       0.1937 -0.3972    1       10^-5;  %13
                    5       4       0.1559  0.1824    1       10^-5]; %14
                